200009 507
200029 347
200063 12
200159 4
200171 16
200171 624
200191 5
200191 321
200201 4
200201 15
200227 33
200237 780
200257 639
200297 43
200351 1
200371 9
200401 531
200467 32
200573 55
200597 7
200609 375
200639 1
200689 491
200713 3
200797 3
200797 27
200861 4
200869 15
200869 152
200891 28
200909 16
201011 1
201119 1
201139 260
201151 8
201163 5
201163 8
201163 348
201193 3
201209 40
201247 572
201251 1
201251 4
201307 5
201389 219
201451 45
201499 612
201517 44
201577 3
201589 80
201599 40
201629 4
201673 3
201683 220
201709 15
201731 25
201757 359
201769 11
201791 4
201797 12
201797 15
201889 776
201919 5
201919 21
201961 375
202001 4
202031 21
202063 20
202127 13
202127 357
202201 8
202201 108
202219 5
202231 8
202243 437
202277 4
202309 60
202361 3
202361 36
202393 128
202471 116
202481 264
202481 636
202519 21
202667 153
202751 4
202757 615
202799 1
202817 283
202823 325
202859 1
202879 96
202889 16
202889 187
202931 1
202981 35
203117 15
203227 9
203279 1
203309 15
203383 248
203417 4
203461 24
203569 756
203641 39
203641 51
203657 15
203713 3
203761 3
203761 348
203789 15
203809 155
203843 585
203873 7
203897 4
203911 329
203921 3
203971 140
203971 428
204013 3
204013 596
204047 60
204101 4
204133 855
204143 25
204143 433
204161 3
204233 100
204311 1
204359 1
204371 1
204427 264
204431 9
204437 3
204437 4
204439 5
204461 343
204481 539
204509 12
204517 59
204521 43
204583 180
204613 203
204719 12
204749 40
204791 40
204803 225
204887 4
204913 11
204983 1
205031 1
205031 21
205031 25
205043 1
205069 567
205097 7
205097 24
205103 25
205103 60
205111 5
205157 435
205187 625
205211 61
205297 492
205319 60
205339 9
205391 1
205397 147
205399 404
205453 332
205483 12
205487 9
205487 25
205487 72
205507 533
205553 171
205559 1
205589 16
205607 40
205657 767
205661 48
205763 1
205763 28
205763 52
205763 465
205817 28
205837 272
205879 65
205879 512
205883 12
205981 575
205991 16
206021 40
206047 113
206177 3
206221 63
206249 4
206251 501
206291 81
206399 9
206447 109
206461 11
206483 1
206489 27
206543 1
206603 1
206627 12
206879 1
206887 185
206897 7
206911 725
206939 1
206951 49
206953 68
207017 3
207061 20
207079 80
207191 1
207191 888
207199 5
207199 24
207239 801
207301 3
207307 8
207329 12
207329 24
207341 39
207371 13
207377 3
207377 412
207433 267
207479 1
207491 108
207511 56
207547 84
207569 4
207593 111
207643 368
207671 1
207673 63
207719 816
207721 3
207763 12
207811 69
207811 528
207869 4
207877 3
207947 45
207971 9
208037 28
208141 3
208189 59
208231 29
208253 3
208309 84
208319 444
208337 3
208409 120
208433 891
208469 7
208499 16
208501 603
208511 1
208553 151
208609 440
208627 8
208631 4
208673 7
208673 280
208739 1
208787 13
208837 3
208907 9
208931 1
208931 36
208961 36
208963 17
208991 1
209039 1
209071 8
209089 20
209159 117
209189 307
209201 771
209213 3
209227 492
209299 77
209333 15
209333 391
209393 31
209477 115
209519 69
209543 1
209543 97
209563 12
209563 113
209567 28
209569 27
209579 16
209639 9
209669 4
209669 39
209719 9
209719 56
209813 147
209821 3
209837 4
209837 532
209861 4
209861 915
209917 35
209983 8
